QGC WPL 110
0	0	0	16	0.000000	0.000000	0.000000	0.000000	-22.498400	-44.082546	375.410004	1
1	0	3	22	0.000000	0.000000	0.000000	0.000000	-22.498129	-44.084037	19.850000	1
2	0	3	16	0.000000	0.000000	0.000000	0.000000	-22.498667	-44.082325	99.939995	1
3	0	3	16	0.000000	0.000000	0.000000	0.000000	-22.499188	-44.080470	100.000000	1
4	0	3	16	0.000000	0.000000	0.000000	0.000000	-22.499567	-44.079272	100.000000	1
5	0	3	16	0.000000	0.000000	0.000000	0.000000	-22.500105	-44.078626	100.000000	1
6	0	3	16	0.000000	0.000000	0.000000	0.000000	-22.500790	-44.078248	100.000000	1
7	0	3	16	0.000000	0.000000	0.000000	0.000000	-22.501489	-44.078137	100.000000	1
8	0	3	16	0.000000	0.000000	0.000000	0.000000	-22.502115	-44.078169	100.000000	1
9	0	3	16	0.000000	0.000000	0.000000	0.000000	-22.503033	-44.078326	100.000000	1
10	0	3	16	0.000000	0.000000	0.000000	0.000000	-22.504256	-44.078861	100.000000	1
11	0	3	16	0.000000	0.000000	0.000000	0.000000	-22.505086	-44.079681	100.000000	1
12	0	3	16	0.000000	0.000000	0.000000	0.000000	-22.505639	-44.080044	100.000000	1
13	0	3	16	0.000000	0.000000	0.000000	0.000000	-22.506280	-44.080138	100.000000	1
14	0	3	16	0.000000	0.000000	0.000000	0.000000	-22.506877	-44.080138	100.000000	1
15	0	3	16	0.000000	0.000000	0.000000	0.000000	-22.507372	-44.080075	100.000000	1
16	0	3	16	0.000000	0.000000	0.000000	0.000000	-22.507736	-44.080044	100.000000	1
17	0	3	16	0.000000	0.000000	0.000000	0.000000	-22.508420	-44.080170	100.000000	1
18	0	3	16	0.000000	0.000000	0.000000	0.000000	-22.508988	-44.080706	100.000000	1
19	0	3	16	0.000000	0.000000	0.000000	0.000000	-22.510549	-44.082868	100.000000	1
20	0	3	16	0.000000	0.000000	0.000000	0.000000	-22.511296	-44.084640	100.000000	1
21	0	3	16	0.000000	0.000000	0.000000	0.000000	-22.511459	-44.085265	100.000000	1
22	0	3	16	0.000000	0.000000	0.000000	0.000000	-22.511446	-44.085802	100.000000	1
23	0	3	16	0.000000	0.000000	0.000000	0.000000	-22.511113	-44.086331	100.000000	1
24	0	3	16	0.000000	0.000000	0.000000	0.000000	-22.510739	-44.086559	100.000000	1
25	0	3	16	0.000000	0.000000	0.000000	0.000000	-22.510298	-44.086692	100.000000	1
26	0	3	16	0.000000	0.000000	0.000000	0.000000	-22.509883	-44.086633	100.000000	1
27	0	3	16	0.000000	0.000000	0.000000	0.000000	-22.509611	-44.086398	100.000000	1
28	0	3	16	0.000000	0.000000	0.000000	0.000000	-22.509476	-44.086008	100.000000	1
29	0	3	16	0.000000	0.000000	0.000000	0.000000	-22.509428	-44.085691	100.000000	1
30	0	3	16	0.000000	0.000000	0.000000	0.000000	-22.509462	-44.085302	100.000000	1
31	0	3	16	0.000000	0.000000	0.000000	0.000000	-22.509611	-44.085030	100.000000	1
32	0	3	16	0.000000	0.000000	0.000000	0.000000	-22.509951	-44.084897	100.000000	1
33	0	3	16	0.000000	0.000000	0.000000	0.000000	-22.510352	-44.084897	100.000000	1
34	0	3	16	0.000000	0.000000	0.000000	0.000000	-22.511744	-44.084897	100.000000	1
35	0	3	16	0.000000	0.000000	0.000000	0.000000	-22.512016	-44.084846	100.000000	1
36	0	3	16	0.000000	0.000000	0.000000	0.000000	-22.512261	-44.084588	100.000000	1
37	0	3	16	0.000000	0.000000	0.000000	0.000000	-22.512322	-44.084044	100.000000	1
38	0	3	16	0.000000	0.000000	0.000000	0.000000	-22.512281	-44.083537	100.000000	1
39	0	3	16	0.000000	0.000000	0.000000	0.000000	-22.508803	-44.079632	100.000000	1
40	0	3	16	0.000000	0.000000	0.000000	0.000000	-22.506948	-44.078029	100.000000	1
41	0	3	16	0.000000	0.000000	0.000000	0.000000	-22.505467	-44.076904	100.000000	1
42	0	3	16	0.000000	0.000000	0.000000	0.000000	-22.504102	-44.076286	100.000000	1
43	0	3	16	0.000000	0.000000	0.000000	0.000000	-22.502179	-44.075683	100.000000	1
44	0	3	16	0.000000	0.000000	0.000000	0.000000	-22.499760	-44.075917	100.000000	1
45	0	3	16	0.000000	0.000000	0.000000	0.000000	-22.498075	-44.076673	100.000000	1
46	0	3	16	0.000000	0.000000	0.000000	0.000000	-22.496860	-44.078067	100.000000	1
47	0	3	16	0.000000	0.000000	0.000000	0.000000	-22.495861	-44.080646	100.000000	1
48	0	3	16	0.000000	0.000000	0.000000	0.000000	-22.495500	-44.081792	100.000000	1
49	0	3	16	0.000000	0.000000	0.000000	0.000000	-22.493258	-44.088849	100.000000	1
50	0	3	16	0.000000	0.000000	0.000000	0.000000	-22.492762	-44.090600	100.000000	1
51	0	3	16	0.000000	0.000000	0.000000	0.000000	-22.492554	-44.092316	100.000000	1
52	0	3	16	0.000000	0.000000	0.000000	0.000000	-22.492874	-44.093304	100.000000	1
53	0	3	16	0.000000	0.000000	0.000000	0.000000	-22.493274	-44.093859	100.000000	1
54	0	3	16	0.000000	0.000000	0.000000	0.000000	-22.493915	-44.094171	100.000000	1
55	0	3	16	0.000000	0.000000	0.000000	0.000000	-22.494636	-44.094171	100.000000	1
56	0	3	16	0.000000	0.000000	0.000000	0.000000	-22.495181	-44.093807	100.000000	1
57	0	3	16	0.000000	0.000000	0.000000	0.000000	-22.495437	-44.093062	100.000000	1
58	0	3	16	0.000000	0.000000	0.000000	0.000000	-22.495661	-44.092143	100.000000	1
59	0	3	16	0.000000	0.000000	0.000000	0.000000	-22.496494	-44.089334	100.000000	1
60	0	3	16	0.000000	0.000000	0.000000	0.000000	-22.497087	-44.087341	100.000000	1
61	0	3	21	0.000000	0.000000	0.000000	1.000000	-22.497708	-44.085313	-0.450000	1
